1.066999999999999948e+00 1.141000000000000014e+00 3.879866927183395209e-01 5.885000000000000000e+02
1.548999999999999932e+00 1.685000000000000053e+00 1.774999849278232622e-01 3.865000000000000568e+02
1.161000000000000032e+00 1.145000000000000018e+00 -3.471459882216720860e-01 5.005000000000000000e+02
1.691000000000000059e+00 1.667000000000000037e+00 5.183627878423158197e-02 1.215000000000000000e+02
1.465000000000000080e+00 1.766999999999999904e+00 5.010840282475721441e-01 5.305000000000000000e+02
1.697000000000000064e+00 1.241000000000000103e+00 6.770132168486004964e-01 3.255000000000000000e+02
1.701000000000000068e+00 1.729000000000000092e+00 -6.738716241950105656e-01 4.205000000000000000e+02
1.189000000000000057e+00 1.899000000000000021e+00 5.293583621298800779e-01 5.605000000000000000e+02
1.447000000000000064e+00 1.159000000000000030e+00 -3.063052837250048177e-01 2.775000000000000000e+02
1.943000000000000060e+00 1.411000000000000032e+00 2.042035224833371743e-02 2.325000000000000000e+02
1.515000000000000124e+00 1.020999999999999908e+00 -7.853981633974438381e-03 1.645000000000000000e+02
1.094999999999999973e+00 1.161000000000000032e+00 2.937389131106458162e-01 3.815000000000000000e+02
1.988999999999999879e+00 1.324999999999999956e+00 -1.335176877775661186e-01 1.245000000000000000e+02
1.734999999999999876e+00 1.310999999999999943e+00 2.089159114637212378e-01 2.555000000000000000e+02
1.608999999999999986e+00 1.032999999999999918e+00 5.262167694762902581e-01 3.335000000000000000e+02
1.825000000000000178e+00 1.122999999999999998e+00 7.335618846132165860e-01 2.815000000000000000e+02
1.777000000000000135e+00 1.891000000000000014e+00 4.162610266006476767e-01 4.635000000000000000e+02
1.929000000000000048e+00 1.945000000000000062e+00 -6.927211801165493732e-01 3.285000000000000000e+02
1.296999999999999931e+00 1.048999999999999932e+00 -5.324999547834698976e-01 2.715000000000000000e+02
1.223000000000000087e+00 1.453000000000000069e+00 -7.744025891098840209e-01 1.305000000000000000e+02
1.927000000000000046e+00 1.737000000000000099e+00 -7.806857744170635494e-01 3.605000000000000000e+02
1.441000000000000059e+00 1.687000000000000055e+00 6.801548095021903162e-01 4.645000000000000000e+02
1.348999999999999977e+00 1.056999999999999940e+00 7.367034772668064058e-01 2.095000000000000000e+02
1.332999999999999963e+00 1.761000000000000121e+00 3.926990816987241395e-02 4.995000000000000000e+02
1.171000000000000041e+00 1.758999999999999897e+00 -5.167919915155210209e-01 3.045000000000000000e+02
1.649000000000000021e+00 1.699000000000000066e+00 1.869247628885927215e-01 4.985000000000000000e+02
1.008999999999999897e+00 1.417000000000000037e+00 1.492256510455151064e-01 3.955000000000000000e+02
1.571000000000000174e+00 1.480999999999999872e+00 7.618362184955247418e-01 4.055000000000000000e+02
1.316999999999999948e+00 1.773000000000000131e+00 3.942698780255189384e-01 4.775000000000000000e+02
1.471000000000000085e+00 1.473000000000000087e+00 2.654645792283376604e-01 1.495000000000000000e+02
1.135000000000000009e+00 1.401000000000000023e+00 -7.367034772668065168e-01 2.915000000000000000e+02
1.532999999999999918e+00 1.300999999999999934e+00 -4.633849164044944735e-01 3.735000000000000000e+02
1.531000000000000139e+00 1.036999999999999922e+00 -7.681194038027043813e-01 2.415000000000000284e+02
1.177000000000000046e+00 1.836999999999999966e+00 -1.523672436991049262e-01 4.875000000000000000e+02
1.507000000000000117e+00 1.467000000000000082e+00 2.403318379996191023e-01 2.025000000000000000e+02
1.096999999999999975e+00 1.671000000000000041e+00 -5.764822519337270412e-01 3.245000000000000000e+02
1.360999999999999988e+00 1.197000000000000064e+00 -5.497787143782129071e-02 4.835000000000000000e+02
1.157000000000000028e+00 1.484999999999999876e+00 3.502875808752619058e-01 2.935000000000000000e+02
1.193000000000000060e+00 1.868999999999999995e+00 -5.796238445873168610e-01 4.065000000000000000e+02
1.560999999999999943e+00 1.830999999999999961e+00 -4.759512870188536415e-01 1.545000000000000000e+02
1.786999999999999922e+00 1.207000000000000073e+00 -7.304202919596268773e-01 3.205000000000000000e+02
1.026999999999999913e+00 1.118999999999999995e+00 -2.371902453460292826e-01 1.445000000000000000e+02
1.730999999999999872e+00 1.133000000000000007e+00 -7.429866625739860453e-01 2.765000000000000000e+02
1.125000000000000000e+00 1.762999999999999901e+00 -7.838273670706533691e-01 5.225000000000000000e+02
1.921000000000000041e+00 1.314999999999999947e+00 -7.178539213452677092e-01 2.475000000000000000e+02
1.765000000000000124e+00 1.887000000000000011e+00 -2.120575041173110575e-01 4.035000000000000000e+02
1.393000000000000016e+00 1.875000000000000000e+00 -7.335618846132166970e-01 4.225000000000000000e+02
1.245000000000000107e+00 1.006999999999999895e+00 -1.398008730847457581e-01 4.555000000000000000e+02
1.285000000000000142e+00 1.086999999999999966e+00 4.351105825221863732e-01 5.615000000000000000e+02
1.423000000000000043e+00 1.193000000000000060e+00 -4.508185457901353055e-01 2.635000000000000000e+02
1.726999999999999869e+00 1.187000000000000055e+00 6.440264939859086102e-02 5.215000000000000000e+02
1.750999999999999890e+00 1.691000000000000059e+00 2.717477645355170779e-01 5.125000000000000000e+02
1.054999999999999938e+00 1.334999999999999964e+00 3.440043955680822663e-01 1.065000000000000000e+02
1.286999999999999922e+00 1.635000000000000009e+00 -5.199335841691107296e-01 4.795000000000000000e+02
1.282999999999999918e+00 1.639000000000000012e+00 -5.293583621298800779e-01 3.125000000000000000e+02
1.995000000000000107e+00 1.659000000000000030e+00 7.853981633974438381e-03 5.735000000000000000e+02
1.627000000000000002e+00 1.358999999999999986e+00 8.953539062730919706e-02 1.865000000000000000e+02
1.653000000000000025e+00 1.741000000000000103e+00 -4.256858045614169694e-01 2.725000000000000000e+02
1.840999999999999970e+00 1.730999999999999872e+00 -3.282964323001333895e-01 4.115000000000000000e+02
1.647000000000000020e+00 1.963000000000000078e+00 -6.141813637768045453e-01 1.015000000000000000e+02
1.933000000000000052e+00 1.320999999999999952e+00 -1.460840583919252866e-01 3.935000000000000000e+02
1.266999999999999904e+00 1.651000000000000023e+00 -6.173229564303943651e-01 1.625000000000000000e+02
1.798999999999999932e+00 1.991000000000000103e+00 6.361725123519330616e-01 4.715000000000000000e+02
1.330999999999999961e+00 1.227000000000000091e+00 -1.209513171632070616e-01 2.565000000000000000e+02
1.503000000000000114e+00 1.173000000000000043e+00 -3.628539514896210738e-01 2.855000000000000000e+02
1.568999999999999950e+00 1.580999999999999961e+00 -6.016149931624453773e-01 2.705000000000000000e+02
1.699000000000000066e+00 1.106999999999999984e+00 3.848451000647497011e-01 2.005000000000000000e+02
1.818999999999999950e+00 1.419000000000000039e+00 4.885176576332128651e-01 1.265000000000000000e+02
1.582999999999999963e+00 1.866999999999999993e+00 -6.455972903127025209e-01 4.685000000000000000e+02
1.980999999999999872e+00 1.907000000000000028e+00 5.042256209011619639e-01 5.475000000000000000e+02
1.689000000000000057e+00 1.167000000000000037e+00 4.445353604829558325e-01 5.635000000000000000e+02
1.281000000000000139e+00 1.725000000000000089e+00 6.455972903127025209e-01 3.755000000000000000e+02
1.106999999999999984e+00 1.536999999999999922e+00 -6.990043654237290127e-01 4.305000000000000000e+02
1.139000000000000012e+00 1.710999999999999854e+00 6.864379948093699557e-01 2.865000000000000000e+02
1.480999999999999872e+00 1.110999999999999988e+00 1.052433538952581848e-01 2.395000000000000000e+02
1.762999999999999901e+00 1.391000000000000014e+00 1.099557428756425814e-02 5.045000000000000000e+02
1.856999999999999984e+00 1.185000000000000053e+00 -6.487388829662923406e-01 5.965000000000000000e+02
1.584999999999999964e+00 1.568999999999999950e+00 -6.424556976591127011e-01 5.955000000000000000e+02
1.741000000000000103e+00 1.793000000000000149e+00 6.110397711232147255e-01 2.345000000000000000e+02
1.050999999999999934e+00 1.090999999999999970e+00 -5.984734005088555575e-01 4.785000000000000000e+02
1.578999999999999959e+00 1.915000000000000036e+00 -1.586504290062845657e-01 4.595000000000000000e+02
1.197000000000000064e+00 1.492999999999999883e+00 -7.775441817634738406e-01 2.695000000000000000e+02
1.336999999999999966e+00 1.439000000000000057e+00 -5.010840282475720331e-01 4.755000000000000000e+02
1.778999999999999915e+00 1.679000000000000048e+00 -2.654645792283374384e-01 3.915000000000000000e+02
1.488999999999999879e+00 1.375000000000000000e+00 -3.408628029144925020e-01 5.495000000000000000e+02
1.693000000000000060e+00 1.068999999999999950e+00 -5.387831400906495372e-01 2.215000000000000000e+02
1.864999999999999991e+00 1.281000000000000139e+00 3.063052837250048732e-01 2.805000000000000000e+02
1.520999999999999908e+00 1.616999999999999993e+00 1.743583922742335535e-01 3.675000000000000000e+02
1.016999999999999904e+00 1.701000000000000068e+00 -4.351105825221863177e-01 1.565000000000000000e+02
1.387000000000000011e+00 1.862999999999999989e+00 -6.361725123519330616e-01 4.525000000000000000e+02
1.173000000000000043e+00 1.191000000000000059e+00 7.429866625739860453e-01 2.425000000000000284e+02
1.231000000000000094e+00 1.399000000000000021e+00 -4.099778412934680372e-01 5.775000000000000000e+02
1.610999999999999988e+00 1.403000000000000025e+00 -4.162610266006475657e-01 2.905000000000000000e+02
1.588999999999999968e+00 1.479000000000000092e+00 -2.591813939211579099e-01 3.185000000000000000e+02
1.846999999999999975e+00 1.745000000000000107e+00 -2.183406894244905860e-01 2.355000000000000000e+02
1.399000000000000021e+00 1.004999999999999893e+00 1.617920216598742744e-01 3.375000000000000000e+02
1.781000000000000139e+00 1.477000000000000091e+00 -6.440264939859075000e-02 5.805000000000000000e+02
1.675000000000000044e+00 1.129000000000000004e+00 -2.042035224833371743e-02 4.885000000000000000e+02
1.844999999999999973e+00 1.370999999999999996e+00 -1.649336143134640942e-01 3.615000000000000000e+02
1.014999999999999902e+00 1.042999999999999927e+00 -5.890486225480862092e-01 5.345000000000000000e+02
1.725000000000000089e+00 1.169000000000000039e+00 -6.644468462342412174e-01 1.765000000000000000e+02
1.622999999999999998e+00 1.937000000000000055e+00 4.790928796724436278e-01 3.985000000000000000e+02
1.469000000000000083e+00 1.600999999999999979e+00 -1.994911335029518895e-01 1.955000000000000000e+02
1.340999999999999970e+00 1.578999999999999959e+00 -7.115707360380881807e-01 3.475000000000000000e+02
1.941000000000000059e+00 1.350999999999999979e+00 -2.670353755551324593e-02 2.875000000000000000e+02
1.737000000000000099e+00 1.697000000000000064e+00 3.282964323001333895e-01 5.845000000000000000e+02
1.356999999999999984e+00 1.588999999999999968e+00 -3.942698780255190494e-01 3.175000000000000000e+02
1.032999999999999918e+00 1.072999999999999954e+00 -2.623229865747477296e-01 1.945000000000000000e+02
1.540999999999999925e+00 1.050999999999999934e+00 6.958627727701391930e-01 1.605000000000000000e+02
1.261000000000000121e+00 1.415000000000000036e+00 -6.047565858160351970e-01 2.535000000000000000e+02
1.685000000000000053e+00 1.044999999999999929e+00 -4.241150082346212269e-02 3.575000000000000000e+02
1.594999999999999973e+00 1.852999999999999980e+00 5.639158813193678732e-01 5.255000000000000000e+02
1.417000000000000037e+00 1.889000000000000012e+00 -2.151990967709008773e-01 3.465000000000000000e+02
1.217000000000000082e+00 1.769000000000000128e+00 1.083849465488480046e-01 4.655000000000000000e+02
1.947000000000000064e+00 1.860999999999999988e+00 -3.502875808752619058e-01 5.365000000000000000e+02
1.643000000000000016e+00 1.463000000000000078e+00 -8.011061266653973778e-02 4.515000000000000568e+02
1.492999999999999883e+00 1.629000000000000004e+00 -6.895795874629595534e-01 3.835000000000000568e+02
1.524999999999999911e+00 1.612999999999999989e+00 -5.544911033585985249e-01 1.035000000000000000e+02
1.322999999999999954e+00 1.064999999999999947e+00 4.256858045614169139e-01 3.075000000000000000e+02
1.004999999999999893e+00 1.774999999999999911e+00 -4.790928796724434613e-01 3.965000000000000000e+02
1.790999999999999925e+00 1.441000000000000059e+00 1.994911335029518895e-01 2.795000000000000000e+02
1.366999999999999993e+00 1.290999999999999925e+00 -6.204645490839841848e-01 2.655000000000000000e+02
1.854999999999999982e+00 1.705000000000000071e+00 -7.241371066524473488e-01 4.605000000000000000e+02
1.758999999999999897e+00 1.100999999999999979e+00 2.843141351498763569e-01 1.155000000000000000e+02
1.233000000000000096e+00 1.524999999999999911e+00 -6.754424205218056976e-02 3.165000000000000000e+02
1.667000000000000037e+00 1.653000000000000025e+00 -4.445353604829557215e-01 4.275000000000000000e+02
1.411000000000000032e+00 1.834999999999999964e+00 -6.078981784696249058e-01 1.895000000000000000e+02
1.572999999999999954e+00 1.425000000000000044e+00 -3.597123588360313096e-01 1.005000000000000000e+02
1.298999999999999932e+00 1.383000000000000007e+00 6.550220682734719801e-01 1.095000000000000000e+02
1.814999999999999947e+00 1.964999999999999858e+00 -3.298672286269288545e-02 1.555000000000000000e+02
1.991000000000000103e+00 1.810999999999999943e+00 -2.748893571891068976e-01 1.255000000000000000e+02
1.372999999999999998e+00 1.346999999999999975e+00 -4.539601384437251252e-01 4.765000000000000000e+02
1.766999999999999904e+00 1.431000000000000050e+00 7.021459580773188325e-01 4.245000000000000000e+02
1.897000000000000020e+00 1.225000000000000089e+00 -6.267477343911637133e-01 4.735000000000000000e+02
1.058999999999999941e+00 1.770999999999999908e+00 -3.157300616857742215e-01 4.395000000000000000e+02
1.957000000000000073e+00 1.957000000000000073e+00 -5.136503988619312011e-01 1.905000000000000000e+02
1.911000000000000032e+00 1.531000000000000139e+00 2.591813939211580209e-01 3.705000000000000000e+02
1.314999999999999947e+00 1.602999999999999980e+00 3.031636910714150535e-01 4.625000000000000000e+02
1.334999999999999964e+00 1.598999999999999977e+00 -1.115265392024377133e-01 5.375000000000000000e+02
1.733000000000000096e+00 1.798999999999999932e+00 -2.560398012675680901e-01 3.395000000000000000e+02
1.722999999999999865e+00 1.149000000000000021e+00 1.555088363526947459e-01 2.015000000000000000e+02
1.556999999999999940e+00 1.854999999999999982e+00 2.214822820780804058e-01 2.485000000000000000e+02
1.838999999999999968e+00 1.929000000000000048e+00 1.460840583919252866e-01 2.175000000000000000e+02
1.789000000000000146e+00 1.499000000000000110e+00 7.712609964562942011e-01 4.575000000000000000e+02
1.185000000000000053e+00 1.516999999999999904e+00 -4.555309347705194245e-02 1.075000000000000000e+02
1.635000000000000009e+00 1.935000000000000053e+00 -3.251548396465436253e-01 5.325000000000000000e+02
1.451000000000000068e+00 1.393000000000000016e+00 -2.403318379996191023e-01 5.515000000000000000e+02
1.427000000000000046e+00 1.984999999999999876e+00 -5.733406592801372215e-01 5.725000000000000000e+02
1.703000000000000069e+00 1.153000000000000025e+00 5.576326960121882337e-01 2.445000000000000284e+02
1.241000000000000103e+00 1.917000000000000037e+00 -3.659955441432108936e-01 3.895000000000000000e+02
1.794999999999999929e+00 1.608999999999999986e+00 3.612831551628270521e-02 4.195000000000000000e+02
1.165000000000000036e+00 1.575000000000000178e+00 -4.288273972150067337e-01 4.855000000000000000e+02
1.953000000000000069e+00 1.354999999999999982e+00 5.827654372409065697e-01 4.215000000000000000e+02
1.552999999999999936e+00 1.229000000000000092e+00 -2.214822820780804058e-01 4.355000000000000000e+02
1.389000000000000012e+00 1.786999999999999922e+00 -3.754203221039802418e-01 4.495000000000000568e+02
1.721000000000000085e+00 1.199000000000000066e+00 -6.236061417375738936e-01 5.155000000000000000e+02
1.195000000000000062e+00 1.352999999999999980e+00 4.696681017116741685e-01 5.065000000000000000e+02
1.391000000000000014e+00 1.714999999999999858e+00 2.623229865747478406e-01 3.315000000000000000e+02
1.036999999999999922e+00 1.336999999999999966e+00 1.240929098167967704e-01 4.015000000000000000e+02
1.250999999999999890e+00 1.092999999999999972e+00 2.309070600388498651e-01 4.435000000000000000e+02
1.801000000000000156e+00 1.627000000000000002e+00 -5.701990666265474017e-01 5.585000000000000000e+02
1.826999999999999957e+00 1.734999999999999876e+00 3.471459882216720860e-01 2.435000000000000284e+02
1.821000000000000174e+00 1.016999999999999904e+00 8.011061266653984880e-02 2.785000000000000000e+02
1.709000000000000075e+00 1.201000000000000068e+00 2.277654673852600453e-01 1.795000000000000000e+02
1.175000000000000044e+00 1.594999999999999973e+00 2.560398012675682011e-01 4.725000000000000000e+02
1.304999999999999938e+00 1.151000000000000023e+00 -1.869247628885927215e-01 3.005000000000000000e+02
1.899000000000000021e+00 1.976999999999999869e+00 -6.613052535806513976e-01 3.545000000000000000e+02
1.457000000000000073e+00 1.433000000000000052e+00 -1.413716694115407790e-02 3.745000000000000000e+02
1.064999999999999947e+00 1.848999999999999977e+00 -5.953318078552658488e-01 4.485000000000000568e+02
1.979000000000000092e+00 1.718999999999999861e+00 -5.356415474370597174e-01 5.285000000000000000e+02
1.437000000000000055e+00 1.563000000000000167e+00 -6.675884388878310371e-01 1.435000000000000000e+02
1.817000000000000171e+00 1.213000000000000078e+00 -2.434734306532089221e-01 3.565000000000000000e+02
1.504999999999999893e+00 1.465000000000000080e+00 -5.576326960121882337e-01 3.995000000000000000e+02
1.151000000000000023e+00 1.088999999999999968e+00 8.639379797371937730e-02 3.855000000000000568e+02
1.901000000000000023e+00 1.265000000000000124e+00 5.497787143782140173e-02 3.485000000000000000e+02
1.143000000000000016e+00 1.750999999999999890e+00 7.681194038027043813e-01 2.955000000000000000e+02
1.292999999999999927e+00 1.504999999999999893e+00 -7.555530331883452133e-01 3.925000000000000000e+02
1.022999999999999909e+00 1.535000000000000142e+00 -2.874557278034660657e-01 2.145000000000000000e+02
1.104999999999999982e+00 1.897000000000000020e+00 4.555309347705205347e-02 1.055000000000000000e+02
1.829000000000000181e+00 1.951000000000000068e+00 -9.267698328089890580e-02 3.785000000000000000e+02
1.875000000000000000e+00 1.567000000000000171e+00 6.424556976591127011e-01 2.225000000000000000e+02
1.253000000000000114e+00 1.273000000000000131e+00 -5.811946409141111047e-02 2.125000000000000000e+02
1.713000000000000078e+00 1.953000000000000069e+00 7.052875507309086522e-01 4.915000000000000000e+02
1.631000000000000005e+00 1.116999999999999993e+00 5.230751768227004384e-01 4.025000000000000000e+02
1.445000000000000062e+00 1.797000000000000153e+00 5.984734005088556685e-01 1.995000000000000000e+02
1.657000000000000028e+00 1.409000000000000030e+00 6.613052535806516197e-01 3.645000000000000000e+02
1.010999999999999899e+00 1.923000000000000043e+00 -2.277654673852600453e-01 1.775000000000000000e+02
1.201000000000000068e+00 1.979000000000000092e+00 2.497566159603885616e-01 1.105000000000000000e+02
1.379000000000000004e+00 1.298999999999999932e+00 -2.246238747316702256e-01 1.915000000000000000e+02
1.044999999999999929e+00 1.316999999999999948e+00 -2.843141351498762459e-01 4.945000000000000000e+02
1.431000000000000050e+00 1.461000000000000076e+00 -1.837831702350029017e-01 4.365000000000000000e+02
1.746999999999999886e+00 1.221000000000000085e+00 3.157300616857743325e-01 1.235000000000000000e+02
1.749000000000000110e+00 1.082999999999999963e+00 7.241371066524473488e-01 4.585000000000000000e+02
1.320999999999999952e+00 1.943000000000000060e+00 4.068362486398782174e-01 4.565000000000000000e+02
1.616999999999999993e+00 1.661000000000000032e+00 4.869468613064187323e-02 3.025000000000000000e+02
1.385000000000000009e+00 1.988999999999999879e+00 7.649778111491145616e-01 2.625000000000000000e+02
1.535000000000000142e+00 1.556999999999999940e+00 3.628539514896211848e-01 2.055000000000000000e+02
1.435000000000000053e+00 1.905000000000000027e+00 3.785619147575700616e-01 4.805000000000000000e+02
1.274999999999999911e+00 1.695000000000000062e+00 6.832964021557801360e-01 2.845000000000000000e+02
1.822999999999999954e+00 1.147000000000000020e+00 3.974114706791087581e-01 3.525000000000000000e+02
1.475000000000000089e+00 1.074999999999999956e+00 3.094468763785946930e-01 1.515000000000000000e+02
1.110999999999999988e+00 1.219000000000000083e+00 -5.639158813193678732e-01 2.735000000000000000e+02
1.773000000000000131e+00 1.488999999999999879e+00 5.513495107050085942e-01 4.965000000000000000e+02
1.885000000000000009e+00 1.949000000000000066e+00 6.707300315414208569e-01 2.505000000000000000e+02
1.137000000000000011e+00 1.139000000000000012e+00 -4.382521751757761375e-01 3.295000000000000000e+02
1.203000000000000069e+00 1.058999999999999941e+00 4.916592502868026848e-01 3.385000000000000000e+02
1.368999999999999995e+00 1.539000000000000146e+00 5.136503988619312011e-01 2.595000000000000000e+02
1.633000000000000007e+00 1.209000000000000075e+00 1.178097245096173529e-01 1.845000000000000000e+02
1.078999999999999959e+00 1.552999999999999936e+00 6.393141050055228813e-01 5.315000000000000000e+02
1.891000000000000014e+00 1.356999999999999984e+00 1.680752069670539139e-01 2.275000000000000000e+02
1.536999999999999922e+00 1.992999999999999883e+00 -5.230751768227005494e-01 2.045000000000000000e+02
1.508999999999999897e+00 1.507000000000000117e+00 -1.963495408493620697e-01 2.305000000000000000e+02
1.153000000000000025e+00 1.018999999999999906e+00 1.303760951239764099e-01 2.365000000000000000e+02
1.580999999999999961e+00 1.070999999999999952e+00 -1.727875959474389767e-02 5.895000000000000000e+02
1.754999999999999893e+00 1.183000000000000052e+00 -6.581636609270616889e-01 4.825000000000000000e+02
1.893000000000000016e+00 1.054999999999999938e+00 2.120575041173110575e-01 4.505000000000000568e+02
1.742999999999999883e+00 1.544999999999999929e+00 2.246238747316702256e-01 2.185000000000000000e+02
1.237000000000000099e+00 1.625000000000000000e+00 6.047565858160350860e-01 2.645000000000000000e+02
1.181000000000000050e+00 1.179000000000000048e+00 4.099778412934680372e-01 5.645000000000000000e+02
1.718999999999999861e+00 1.447000000000000064e+00 -4.885176576332128096e-01 1.965000000000000000e+02
1.651000000000000023e+00 1.959000000000000075e+00 3.722787294503904221e-01 3.905000000000000000e+02
1.834999999999999964e+00 1.564999999999999947e+00 -5.513495107050087052e-01 4.895000000000000000e+02
1.879000000000000004e+00 1.606999999999999984e+00 1.727875959474389767e-02 4.615000000000000000e+02
1.246999999999999886e+00 1.108999999999999986e+00 -1.743583922742335535e-01 1.985000000000000000e+02
1.477000000000000091e+00 1.112999999999999989e+00 -4.869468613064176221e-02 1.175000000000000000e+02
1.671000000000000041e+00 1.879000000000000004e+00 2.968805057642356360e-01 1.355000000000000000e+02
1.346999999999999975e+00 1.034999999999999920e+00 3.298672286269288545e-02 5.025000000000000000e+02
1.265000000000000124e+00 1.330999999999999961e+00 -7.586946258419350331e-01 1.425000000000000000e+02
1.987000000000000099e+00 1.429000000000000048e+00 -7.712609964562942011e-01 3.325000000000000000e+02
1.002999999999999892e+00 1.094999999999999973e+00 5.607742886657780534e-01 3.825000000000000568e+02
1.108999999999999986e+00 1.919000000000000039e+00 -7.618362184955248528e-01 1.415000000000000000e+02
1.484999999999999876e+00 1.459000000000000075e+00 2.905973204570559965e-01 3.665000000000000000e+02
1.848999999999999977e+00 1.604999999999999982e+00 -1.680752069670539139e-01 4.285000000000000000e+02
1.046999999999999931e+00 1.203000000000000069e+00 6.644468462342412174e-01 5.785000000000000000e+02
1.797000000000000153e+00 1.713000000000000078e+00 -3.094468763785946375e-01 1.825000000000000000e+02
1.491000000000000103e+00 1.155000000000000027e+00 2.026327261565417093e-01 5.715000000000000000e+02
1.810999999999999943e+00 1.171000000000000041e+00 4.382521751757761930e-01 2.315000000000000000e+02
1.127000000000000002e+00 1.245000000000000107e+00 2.466150233067987418e-01 5.055000000000000000e+02
1.229000000000000092e+00 1.782999999999999918e+00 3.817035074111598814e-01 2.605000000000000000e+02
1.679000000000000048e+00 1.669000000000000039e+00 -6.958627727701391930e-01 2.235000000000000000e+02
1.318999999999999950e+00 1.302999999999999936e+00 -6.864379948093697337e-01 5.385000000000000000e+02
1.592999999999999972e+00 1.143000000000000016e+00 4.822344723260332255e-01 2.335000000000000000e+02
1.519000000000000128e+00 1.818999999999999950e+00 -1.178097245096172418e-01 5.165000000000000000e+02
1.968999999999999861e+00 1.435000000000000053e+00 -3.565707661824414898e-01 5.265000000000000000e+02
1.205000000000000071e+00 1.733000000000000096e+00 5.419247327442393569e-01 2.545000000000000000e+02
1.937000000000000055e+00 1.364999999999999991e+00 -7.021459580773187215e-01 3.195000000000000000e+02
1.547000000000000153e+00 1.821000000000000174e+00 -8.953539062730908604e-02 1.685000000000000000e+02
1.084999999999999964e+00 1.622999999999999998e+00 3.565707661824415453e-01 5.505000000000000000e+02
1.076999999999999957e+00 1.941000000000000059e+00 2.057743188101314180e-01 1.525000000000000000e+02
1.769000000000000128e+00 1.901000000000000023e+00 -3.612831551628259419e-02 2.585000000000000000e+02
1.866999999999999993e+00 1.338999999999999968e+00 2.151990967709007663e-01 1.385000000000000000e+02
1.383000000000000007e+00 1.858999999999999986e+00 7.068583470577038952e-02 3.305000000000000000e+02
1.455000000000000071e+00 1.500999999999999890e+00 1.806415775814130820e-01 5.115000000000000568e+02
1.463000000000000078e+00 1.909000000000000030e+00 5.544911033585984139e-01 4.865000000000000000e+02
1.116999999999999993e+00 1.427000000000000046e+00 -2.026327261565417093e-01 1.875000000000000000e+02
1.915000000000000036e+00 1.850999999999999979e+00 5.733406592801373325e-01 1.025000000000000000e+02
1.074999999999999956e+00 1.026999999999999913e+00 6.581636609270617999e-01 3.685000000000000000e+02
1.289000000000000146e+00 1.052999999999999936e+00 7.178539213452679313e-01 5.525000000000000000e+02
1.782999999999999918e+00 1.250999999999999890e+00 4.759512870188538081e-01 4.535000000000000000e+02
1.602999999999999980e+00 1.913000000000000034e+00 -5.450663253978291767e-01 3.585000000000000000e+02
1.377000000000000002e+00 1.911000000000000032e+00 2.356194490192342617e-02 3.725000000000000000e+02
1.813000000000000167e+00 1.010999999999999899e+00 6.141813637768045453e-01 3.805000000000000000e+02
1.419000000000000039e+00 1.487000000000000099e+00 -1.146681318560274221e-01 1.045000000000000000e+02
1.324999999999999956e+00 1.746999999999999886e+00 -1.240929098167968814e-01 1.655000000000000000e+02
1.381000000000000005e+00 1.511000000000000121e+00 -4.948008429403923936e-01 4.545000000000000000e+02
1.042999999999999927e+00 1.883000000000000007e+00 -3.817035074111598814e-01 4.705000000000000000e+02
1.413000000000000034e+00 1.817000000000000171e+00 -5.482079180514188854e-01 2.255000000000000000e+02
1.401000000000000023e+00 1.618999999999999995e+00 5.811946409141122150e-02 5.815000000000000000e+02
1.350999999999999979e+00 1.903000000000000025e+00 -3.220132469929538055e-01 5.675000000000000000e+02
1.665000000000000036e+00 1.385000000000000009e+00 -1.570796326794909881e-03 4.955000000000000000e+02
1.362999999999999989e+00 1.451000000000000068e+00 -5.042256209011617418e-01 2.495000000000000000e+02
1.028999999999999915e+00 1.030999999999999917e+00 6.267477343911638243e-01 5.915000000000000000e+02
1.511000000000000121e+00 1.308999999999999941e+00 2.371902453460295046e-01 3.715000000000000000e+02
1.945000000000000062e+00 1.266999999999999904e+00 4.225442119078270942e-01 1.205000000000000000e+02
1.673000000000000043e+00 1.657000000000000028e+00 4.319689898685965534e-01 3.625000000000000000e+02
1.277000000000000135e+00 1.084999999999999964e+00 5.796238445873167500e-01 5.595000000000000000e+02
1.102999999999999980e+00 1.633000000000000007e+00 4.539601384437250697e-01 1.735000000000000000e+02
1.559000000000000163e+00 1.693000000000000060e+00 1.932079481957722500e-01 4.695000000000000000e+02
1.257000000000000117e+00 1.102999999999999980e+00 -2.340486526924395738e-01 3.265000000000000000e+02
1.397000000000000020e+00 1.586999999999999966e+00 6.173229564303943651e-01 3.435000000000000000e+02
1.655000000000000027e+00 1.258999999999999897e+00 2.434734306532089221e-01 2.515000000000000000e+02
1.683000000000000052e+00 1.832999999999999963e+00 4.948008429403925046e-01 5.745000000000000000e+02
1.575000000000000178e+00 1.294999999999999929e+00 3.754203221039802418e-01 2.615000000000000000e+02
1.453000000000000069e+00 1.620999999999999996e+00 2.528982086139783814e-01 4.335000000000000000e+02
1.129000000000000004e+00 1.306999999999999940e+00 -3.188716543393640412e-01 5.695000000000000000e+02
1.809000000000000163e+00 1.377000000000000002e+00 -7.524114405347555046e-01 5.235000000000000000e+02
1.852999999999999980e+00 1.931000000000000050e+00 -7.272786993060370575e-01 2.295000000000000000e+02
1.352999999999999980e+00 1.881000000000000005e+00 -3.879866927183394654e-01 5.195000000000000000e+02
1.544999999999999929e+00 1.249000000000000110e+00 7.272786993060369465e-01 5.765000000000000000e+02
1.955000000000000071e+00 1.127000000000000002e+00 -6.801548095021902052e-01 2.745000000000000000e+02
1.262999999999999901e+00 1.995000000000000107e+00 1.335176877775661186e-01 5.175000000000000000e+02
1.951000000000000068e+00 1.163000000000000034e+00 -4.712388980384729642e-03 5.395000000000000000e+02
1.681000000000000050e+00 1.389000000000000012e+00 -3.440043955680823218e-01 4.125000000000000000e+02
1.606999999999999984e+00 1.527000000000000135e+00 5.701990666265475127e-01 5.835000000000000000e+02
1.984999999999999876e+00 1.582999999999999963e+00 -4.822344723260332255e-01 3.035000000000000000e+02
1.088999999999999968e+00 1.274999999999999911e+00 -6.126105674500093023e-02 1.345000000000000000e+02
1.227000000000000091e+00 1.000999999999999890e+00 7.398450699203962255e-01 3.445000000000000000e+02
1.850999999999999979e+00 1.322999999999999954e+00 7.461282552275758650e-01 4.295000000000000000e+02
1.133000000000000007e+00 1.076999999999999957e+00 -4.225442119078271497e-01 5.205000000000000000e+02
1.209000000000000075e+00 1.610999999999999988e+00 -2.905973204570558854e-01 1.325000000000000000e+02
1.905000000000000027e+00 1.282999999999999918e+00 4.131194339470578569e-01 2.675000000000000000e+02
1.555000000000000160e+00 1.080999999999999961e+00 -3.125884690321844572e-01 3.505000000000000000e+02
1.187000000000000055e+00 1.560999999999999943e+00 -1.052433538952580738e-01 2.465000000000000000e+02
1.806999999999999940e+00 1.555000000000000160e+00 4.005530633326985779e-01 5.935000000000000000e+02
1.415000000000000036e+00 1.372999999999999998e+00 1.429424657383355779e-01 3.945000000000000000e+02
1.909000000000000030e+00 1.559000000000000163e+00 1.209513171632069506e-01 2.825000000000000000e+02
1.939000000000000057e+00 1.135000000000000009e+00 -6.393141050055228813e-01 5.095000000000000568e+02
1.695000000000000062e+00 1.826999999999999957e+00 4.602433237509047093e-01 1.225000000000000000e+02
1.024999999999999911e+00 1.742999999999999883e+00 6.016149931624454883e-01 3.515000000000000000e+02
1.207000000000000073e+00 1.231000000000000094e+00 9.267698328089901683e-02 3.355000000000000000e+02
1.883000000000000007e+00 1.469000000000000083e+00 7.209955139988575290e-01 1.815000000000000000e+02
1.705000000000000071e+00 1.972999999999999865e+00 -3.000220984178252337e-01 2.525000000000000000e+02
1.090999999999999970e+00 1.528999999999999915e+00 1.649336143134640942e-01 2.455000000000000000e+02
1.429000000000000048e+00 1.971000000000000085e+00 -7.398450699203962255e-01 1.695000000000000000e+02
1.030999999999999917e+00 1.120999999999999996e+00 -3.974114706791088136e-01 2.575000000000000000e+02
1.887000000000000011e+00 1.683000000000000052e+00 -3.926990816987241395e-02 1.925000000000000000e+02
1.219000000000000083e+00 1.777000000000000135e+00 1.413716694115407790e-02 4.445000000000000000e+02
1.659000000000000030e+00 1.471000000000000085e+00 7.838273670706534801e-01 5.245000000000000000e+02
1.052999999999999936e+00 1.326999999999999957e+00 -6.707300315414208569e-01 5.355000000000000000e+02
1.018999999999999906e+00 1.547000000000000153e+00 7.115707360380882918e-01 1.535000000000000000e+02
1.310999999999999943e+00 1.975000000000000089e+00 -7.649778111491146726e-01 2.385000000000000000e+02
1.167000000000000037e+00 1.996999999999999886e+00 -4.665265090580842378e-01 5.555000000000000000e+02
1.040999999999999925e+00 1.864999999999999991e+00 -4.131194339470577459e-01 5.825000000000000000e+02
1.677000000000000046e+00 1.754999999999999893e+00 -9.896016858807843430e-02 1.665000000000000000e+02
1.753000000000000114e+00 1.328999999999999959e+00 6.126105674500104126e-02 3.055000000000000000e+02
1.354999999999999982e+00 1.999000000000000110e+00 -7.209955139988575290e-01 5.185000000000000000e+02
1.500999999999999890e+00 1.368999999999999995e+00 -2.089159114637212378e-01 5.295000000000000000e+02
1.877000000000000002e+00 1.805000000000000160e+00 4.508185457901354720e-01 5.705000000000000000e+02
1.338999999999999968e+00 1.520999999999999908e+00 4.476769531365456523e-01 5.075000000000000568e+02
1.903000000000000025e+00 1.548999999999999932e+00 6.518804756198821604e-01 1.725000000000000000e+02
1.235000000000000098e+00 1.217000000000000082e+00 -3.534291735288516700e-01 5.985000000000000000e+02
1.120999999999999996e+00 1.277000000000000135e+00 -1.083849465488478936e-01 2.165000000000000000e+02
1.122999999999999998e+00 1.413000000000000034e+00 -4.571017310973148895e-01 2.375000000000000000e+02
1.600999999999999979e+00 1.806999999999999940e+00 6.236061417375740046e-01 4.325000000000000000e+02
1.000999999999999890e+00 1.895000000000000018e+00 4.571017310973148895e-01 4.465000000000000568e+02
1.159000000000000030e+00 1.543000000000000149e+00 -8.639379797371926628e-02 4.675000000000000000e+02
1.996999999999999886e+00 1.495000000000000107e+00 -3.848451000647496456e-01 2.265000000000000000e+02
1.270999999999999908e+00 1.137000000000000011e+00 -3.314380249537230982e-01 4.665000000000000000e+02
1.618999999999999995e+00 1.778999999999999915e+00 6.675884388878310371e-01 5.795000000000000000e+02
1.907000000000000028e+00 1.060999999999999943e+00 1.837831702350029017e-01 1.335000000000000000e+02
1.858999999999999986e+00 1.614999999999999991e+00 4.979424355939823243e-01 3.115000000000000000e+02
1.868999999999999995e+00 1.165000000000000036e+00 -4.319689898685965534e-01 1.715000000000000000e+02
1.370999999999999996e+00 1.753000000000000114e+00 4.633849164044945290e-01 5.015000000000000000e+02
1.964999999999999858e+00 1.840999999999999970e+00 -4.728096943652638218e-01 2.195000000000000000e+02
1.710999999999999854e+00 1.131000000000000005e+00 -7.461282552275758650e-01 1.675000000000000000e+02
1.963000000000000078e+00 1.789000000000000146e+00 5.890486225480862092e-01 3.085000000000000000e+02
1.738999999999999879e+00 1.872999999999999998e+00 6.754424205218056976e-02 3.415000000000000000e+02
1.793000000000000149e+00 1.987000000000000099e+00 1.586504290062845657e-01 1.185000000000000000e+02
1.467000000000000082e+00 1.722999999999999865e+00 7.696902001295002904e-02 3.365000000000000000e+02
1.409000000000000030e+00 1.379000000000000004e+00 7.806857744170636604e-01 4.315000000000000000e+02
1.669000000000000039e+00 1.296999999999999931e+00 -3.722787294503904776e-01 3.635000000000000000e+02
1.479000000000000092e+00 1.749000000000000110e+00 -1.021017612416682541e-01 3.345000000000000000e+02
1.761000000000000121e+00 1.673000000000000043e+00 9.896016858807854533e-02 2.135000000000000000e+02
1.523000000000000131e+00 1.519000000000000128e+00 -6.550220682734718691e-01 3.015000000000000000e+02
1.179000000000000048e+00 1.366999999999999993e+00 -1.099557428756425814e-02 2.885000000000000000e+02
1.056999999999999940e+00 1.278999999999999915e+00 5.387831400906495372e-01 3.535000000000000000e+02
1.895000000000000018e+00 1.257000000000000117e+00 -5.670574739729576930e-01 1.395000000000000000e+02
1.473000000000000087e+00 1.983000000000000096e+00 -6.110397711232147255e-01 4.405000000000000000e+02
1.294999999999999929e+00 1.445000000000000062e+00 3.691371367968006023e-01 4.425000000000000000e+02
1.729000000000000092e+00 1.706999999999999851e+00 5.324999547834698976e-01 4.135000000000000000e+02
1.072999999999999954e+00 1.584999999999999964e+00 7.586946258419349221e-01 5.575000000000000000e+02
1.048999999999999932e+00 1.822999999999999954e+00 -4.036946559862883976e-01 3.425000000000000000e+02
1.070999999999999952e+00 1.318999999999999950e+00 -7.492698478811656848e-01 4.845000000000000000e+02
1.919000000000000039e+00 1.211000000000000076e+00 2.874557278034661767e-01 1.115000000000000000e+02
1.114999999999999991e+00 1.877000000000000002e+00 -2.811725424962864262e-01 1.575000000000000000e+02
1.461000000000000076e+00 1.254999999999999893e+00 -5.419247327442393569e-01 1.855000000000000000e+02
1.213000000000000078e+00 1.846999999999999975e+00 7.524114405347555046e-01 1.375000000000000000e+02
1.527000000000000135e+00 1.592999999999999972e+00 2.340486526924396848e-01 5.925000000000000000e+02
1.576999999999999957e+00 1.870999999999999996e+00 1.146681318560275331e-01 5.995000000000000000e+02
1.563000000000000167e+00 1.508999999999999897e+00 -1.272345024703867011e-01 5.945000000000000000e+02
1.225000000000000089e+00 1.491000000000000103e+00 4.036946559862883976e-01 1.885000000000000000e+02
1.564999999999999947e+00 1.576999999999999957e+00 -1.555088363526947459e-01 5.035000000000000000e+02
1.112999999999999989e+00 1.813000000000000167e+00 -2.497566159603885616e-01 5.135000000000000000e+02
1.407000000000000028e+00 1.765000000000000124e+00 -1.712167996206437337e-01 2.995000000000000000e+02
1.551000000000000156e+00 1.423000000000000043e+00 3.251548396465435697e-01 3.795000000000000000e+02
1.645000000000000018e+00 1.703000000000000069e+00 3.314380249537232093e-01 4.475000000000000568e+02
1.931000000000000050e+00 1.205000000000000071e+00 -4.068362486398782174e-01 5.435000000000000000e+02
1.141000000000000014e+00 1.726999999999999869e+00 -4.979424355939822133e-01 3.095000000000000000e+02
1.614999999999999991e+00 1.721000000000000085e+00 5.073672135547517836e-01 1.835000000000000000e+02
1.620999999999999996e+00 1.181000000000000050e+00 -4.005530633326986334e-01 3.875000000000000568e+02
1.405000000000000027e+00 1.631000000000000005e+00 5.670574739729576930e-01 5.565000000000000000e+02
1.459000000000000075e+00 1.362999999999999989e+00 6.298893270447536441e-01 1.485000000000000000e+02
1.163000000000000034e+00 1.292999999999999927e+00 4.288273972150067337e-01 2.985000000000000000e+02
1.199000000000000066e+00 1.921000000000000041e+00 6.204645490839841848e-01 1.275000000000000000e+02
1.842999999999999972e+00 1.709000000000000075e+00 -2.686061718819272581e-01 5.655000000000000000e+02
1.917000000000000037e+00 1.829000000000000181e+00 5.450663253978291767e-01 1.745000000000000000e+02
1.006999999999999895e+00 1.125000000000000000e+00 7.492698478811656848e-01 2.895000000000000000e+02
1.983000000000000096e+00 1.270999999999999908e+00 4.853760649796230453e-01 3.765000000000000000e+02
1.278999999999999915e+00 1.677000000000000046e+00 -2.309070600388498651e-01 1.405000000000000000e+02
1.449000000000000066e+00 1.663000000000000034e+00 -4.696681017116740575e-01 5.415000000000000000e+02
1.062999999999999945e+00 1.286999999999999922e+00 1.398008730847457581e-01 2.975000000000000000e+02
1.312999999999999945e+00 1.235000000000000098e+00 -5.183627878423158197e-02 3.225000000000000000e+02
1.221000000000000085e+00 1.540999999999999925e+00 -2.984513020910306569e-02 1.595000000000000000e+02
1.082999999999999963e+00 1.437000000000000055e+00 9.581857593448872557e-02 4.045000000000000000e+02
1.342999999999999972e+00 1.395000000000000018e+00 5.764822519337269302e-01 1.615000000000000000e+02
1.639000000000000012e+00 1.655000000000000027e+00 1.963495408493620697e-01 1.135000000000000000e+02
1.539000000000000146e+00 1.078999999999999959e+00 4.413937678293660127e-01 5.535000000000000000e+02
1.862999999999999989e+00 1.590999999999999970e+00 -5.827654372409065697e-01 4.375000000000000000e+02
1.300999999999999934e+00 1.387000000000000011e+00 8.325220532012955754e-02 2.105000000000000000e+02
1.269000000000000128e+00 1.809000000000000163e+00 6.990043654237290127e-01 3.595000000000000000e+02
1.118999999999999995e+00 1.062999999999999945e+00 3.345796176073128070e-01 4.235000000000000000e+02
1.328999999999999959e+00 1.215000000000000080e+00 -1.900663555421824302e-01 5.875000000000000000e+02
1.975000000000000089e+00 1.532999999999999918e+00 5.859070298944963895e-01 1.285000000000000000e+02
1.242999999999999883e+00 1.457000000000000073e+00 -2.937389131106456497e-01 1.805000000000000000e+02
1.403000000000000025e+00 1.114999999999999991e+00 -1.429424657383355779e-01 2.245000000000000000e+02
1.495000000000000107e+00 1.002999999999999892e+00 -7.084291433844983610e-01 4.265000000000000000e+02
1.836999999999999966e+00 1.223000000000000087e+00 -1.366592804311559384e-01 5.905000000000000000e+02
1.086999999999999966e+00 1.407000000000000028e+00 -9.581857593448872557e-02 4.005000000000000000e+02
1.215000000000000080e+00 1.801000000000000156e+00 -5.859070298944963895e-01 5.975000000000000000e+02
1.770999999999999908e+00 1.572999999999999954e+00 5.482079180514187744e-01 5.425000000000000000e+02
1.717000000000000082e+00 1.285000000000000142e+00 -3.691371367968006578e-01 4.925000000000000000e+02
1.959000000000000075e+00 1.040999999999999925e+00 5.953318078552658488e-01 1.365000000000000000e+02
1.358999999999999986e+00 1.028999999999999915e+00 -4.602433237509046537e-01 1.785000000000000000e+02
1.443000000000000060e+00 1.643000000000000016e+00 -3.031636910714150535e-01 1.295000000000000000e+02
1.100999999999999979e+00 1.475000000000000089e+00 7.304202919596267662e-01 2.075000000000000000e+02
1.395000000000000018e+00 1.344999999999999973e+00 3.377212102609026267e-01 1.635000000000000000e+02
1.641000000000000014e+00 1.675000000000000044e+00 3.220132469929537500e-01 5.465000000000000000e+02
1.586999999999999966e+00 1.096999999999999975e+00 3.911282853719293406e-01 2.085000000000000000e+02
1.972999999999999865e+00 1.332999999999999963e+00 -2.356194490192342617e-02 4.175000000000000000e+02
1.308999999999999941e+00 1.794999999999999929e+00 6.895795874629597755e-01 2.665000000000000000e+02
1.949000000000000066e+00 1.927000000000000046e+00 7.555530331883453243e-01 5.485000000000000000e+02
1.706999999999999851e+00 1.397000000000000020e+00 2.748893571891068976e-01 3.065000000000000000e+02
1.802999999999999936e+00 1.967000000000000082e+00 -5.607742886657780534e-01 3.405000000000000000e+02
1.881000000000000005e+00 1.523000000000000131e+00 -5.073672135547515616e-01 3.455000000000000000e+02
1.302999999999999936e+00 1.802999999999999936e+00 -2.968805057642354694e-01 2.035000000000000000e+02
1.249000000000000110e+00 1.304999999999999938e+00 1.021017612416683651e-01 4.345000000000000000e+02
1.211000000000000076e+00 1.237000000000000099e+00 -2.528982086139782703e-01 1.165000000000000000e+02
1.935000000000000053e+00 1.261000000000000121e+00 2.984513020910306569e-02 4.075000000000000000e+02
1.145000000000000018e+00 1.968999999999999861e+00 -3.345796176073129180e-01 2.405000000000000000e+02
1.872999999999999998e+00 1.269000000000000128e+00 2.686061718819274802e-01 3.215000000000000000e+02
1.774999999999999911e+00 1.449000000000000066e+00 1.523672436991049262e-01 3.135000000000000000e+02
1.976999999999999869e+00 1.262999999999999901e+00 -1.806415775814130820e-01 5.145000000000000000e+02
1.487000000000000099e+00 1.177000000000000046e+00 7.147123286916781115e-01 1.085000000000000000e+02
1.439000000000000057e+00 1.717000000000000082e+00 4.194026192542374964e-01 1.705000000000000000e+02
1.034999999999999920e+00 1.955000000000000071e+00 1.570796326794909881e-03 4.815000000000000000e+02
1.375000000000000000e+00 1.551000000000000156e+00 6.078981784696249058e-01 5.335000000000000000e+02
1.080999999999999961e+00 1.503000000000000114e+00 -2.466150233067987418e-01 2.835000000000000000e+02
1.183000000000000052e+00 1.340999999999999970e+00 2.811725424962865372e-01 1.125000000000000000e+02
1.714999999999999858e+00 1.960999999999999854e+00 -1.303760951239764099e-01 4.905000000000000000e+02
1.068999999999999950e+00 1.405000000000000027e+00 6.487388829662923406e-01 5.685000000000000000e+02
1.169000000000000039e+00 1.515000000000000124e+00 -6.832964021557800249e-01 4.255000000000000000e+02
1.499000000000000110e+00 1.157000000000000028e+00 -4.916592502868026293e-01 1.315000000000000000e+02
1.254999999999999893e+00 1.842999999999999972e+00 -7.696902001294991802e-02 4.185000000000000000e+02
1.598999999999999977e+00 1.038999999999999924e+00 3.534291735288517255e-01 3.235000000000000000e+02
1.992999999999999883e+00 1.443000000000000060e+00 -8.325220532012955754e-02 2.155000000000000000e+02
1.496999999999999886e+00 1.814999999999999947e+00 5.921902152016760290e-01 2.945000000000000000e+02
1.925000000000000044e+00 1.246999999999999886e+00 -4.853760649796230453e-01 5.275000000000000000e+02
1.433000000000000052e+00 1.348999999999999977e+00 -5.262167694762902581e-01 3.145000000000000000e+02
1.344999999999999973e+00 1.455000000000000071e+00 -2.717477645355170779e-01 1.935000000000000000e+02
1.860999999999999988e+00 1.647000000000000020e+00 4.728096943652639883e-01 1.145000000000000000e+02
1.483000000000000096e+00 1.098999999999999977e+00 -6.518804756198820494e-01 4.385000000000000000e+02
1.625000000000000000e+00 1.689000000000000057e+00 -4.476769531365455412e-01 3.105000000000000000e+02
1.745000000000000107e+00 1.681000000000000050e+00 3.408628029144924465e-01 2.205000000000000000e+02
1.663000000000000034e+00 1.738999999999999879e+00 -1.492256510455151064e-01 5.085000000000000568e+02
1.687000000000000055e+00 1.253000000000000114e+00 -6.330309196983432418e-01 5.665000000000000000e+02
1.020999999999999908e+00 1.104999999999999982e+00 -5.105088062083413813e-01 5.855000000000000000e+02
1.326999999999999957e+00 1.757000000000000117e+00 -1.932079481957722500e-01 5.445000000000000000e+02
1.273000000000000131e+00 1.008999999999999897e+00 4.241150082346223371e-02 1.975000000000000000e+02
1.038999999999999924e+00 1.781000000000000139e+00 5.167919915155210209e-01 3.775000000000000000e+02
1.604999999999999982e+00 1.641000000000000014e+00 -2.780309498426967174e-01 4.745000000000000000e+02
1.999000000000000110e+00 1.195000000000000062e+00 1.272345024703865901e-01 3.275000000000000000e+02
1.596999999999999975e+00 1.012999999999999901e+00 7.382742735936020928e-02 4.935000000000000000e+02
1.785000000000000142e+00 1.483000000000000096e+00 -7.068583470577027850e-02 5.405000000000000000e+02
1.191000000000000059e+00 1.233000000000000096e+00 2.670353755551324593e-02 3.155000000000000000e+02
1.567000000000000171e+00 1.838999999999999968e+00 4.665265090580843488e-01 3.495000000000000000e+02
1.258999999999999897e+00 1.571000000000000174e+00 -7.052875507309085412e-01 1.195000000000000000e+02
1.131000000000000005e+00 1.596999999999999975e+00 2.780309498426967174e-01 1.465000000000000000e+02
1.805000000000000160e+00 1.189000000000000057e+00 -1.617920216598742744e-01 2.065000000000000000e+02
1.913000000000000034e+00 1.893000000000000016e+00 4.712388980384729642e-03 5.545000000000000000e+02
1.590999999999999970e+00 1.637000000000000011e+00 3.597123588360313651e-01 3.655000000000000000e+02
1.425000000000000044e+00 1.066999999999999948e+00 3.188716543393641523e-01 4.105000000000000000e+02
1.098999999999999977e+00 1.825000000000000178e+00 1.900663555421824302e-01 2.755000000000000000e+02
1.637000000000000011e+00 1.175000000000000044e+00 -1.774999849278232622e-01 1.585000000000000000e+02
1.923000000000000043e+00 1.665000000000000036e+00 5.199335841691108406e-01 4.165000000000000000e+02
1.971000000000000085e+00 1.014999999999999902e+00 7.775441817634738406e-01 1.505000000000000000e+02
1.060999999999999943e+00 1.289000000000000146e+00 -3.377212102609027378e-01 1.475000000000000000e+02
1.832999999999999963e+00 1.238999999999999879e+00 -6.770132168486003854e-01 4.455000000000000568e+02
1.960999999999999854e+00 1.342999999999999972e+00 7.744025891098840209e-01 3.885000000000000000e+02
1.290999999999999925e+00 1.022999999999999909e+00 1.712167996206437337e-01 3.555000000000000000e+02
1.830999999999999961e+00 1.312999999999999945e+00 -7.382742735936009826e-02 5.455000000000000000e+02
1.516999999999999904e+00 1.785000000000000142e+00 6.927211801165493732e-01 4.155000000000000000e+02
1.612999999999999989e+00 1.933000000000000052e+00 5.356415474370597174e-01 2.685000000000000000e+02
1.149000000000000021e+00 1.947000000000000064e+00 -3.785619147575700616e-01 4.975000000000000000e+02
1.155000000000000027e+00 1.381000000000000005e+00 3.000220984178252337e-01 1.455000000000000000e+02
1.012999999999999901e+00 1.421000000000000041e+00 -4.194026192542373854e-01 5.865000000000000000e+02
1.306999999999999940e+00 1.242999999999999883e+00 7.084291433844984720e-01 4.095000000000000000e+02
1.889000000000000012e+00 1.939000000000000057e+00 5.105088062083413813e-01 4.415000000000000000e+02
1.421000000000000041e+00 1.024999999999999911e+00 -4.413937678293659572e-01 5.755000000000000000e+02
1.364999999999999991e+00 1.512999999999999901e+00 1.115265392024377133e-01 4.145000000000000000e+02
1.238999999999999879e+00 1.844999999999999973e+00 1.366592804311559384e-01 2.115000000000000000e+02
1.967000000000000082e+00 1.496999999999999886e+00 6.738716241950106767e-01 2.965000000000000000e+02
1.629000000000000004e+00 1.790999999999999925e+00 3.125884690321845127e-01 3.695000000000000000e+02
1.512999999999999901e+00 1.649000000000000021e+00 6.330309196983432418e-01 3.975000000000000000e+02
1.661000000000000032e+00 1.856999999999999984e+00 -6.298893270447535331e-01 4.085000000000000000e+02
1.870999999999999996e+00 1.980999999999999872e+00 -5.921902152016760290e-01 5.625000000000000000e+02
1.757000000000000117e+00 1.885000000000000009e+00 -2.057743188101314180e-01 5.105000000000000568e+02
1.528999999999999915e+00 1.046999999999999931e+00 -7.147123286916778895e-01 3.845000000000000568e+02
1.543000000000000149e+00 1.925000000000000044e+00 -3.911282853719292296e-01 2.925000000000000000e+02
1.147000000000000020e+00 1.360999999999999988e+00 3.659955441432107826e-01 1.755000000000000000e+02
1.092999999999999972e+00 1.645000000000000018e+00 2.183406894244905860e-01 2.285000000000000000e+02
